01011111011000111000111000110101000111111011010011010010100010101011101101110101101000101101100000011101111001001110110110000001
10010101101111000001101101100111111101101110101110111000110101100011001010101010000100010101110101111111011001101001011011100111
10001011011100011000001111001011100100010011010111100111010010010010111011011001111110011100100110101001010010010010110111110001
01001001110010001011001011101110000011001110001111111101110011010000111101100001001010001010110110111111110111011111011010110010
00101101101111000000011000001001111111111010101111000110100110101101111000001101101010001111010101110001111111110000011111011100
00000000111010101010100100011001111000110110100100011010001010110011010110001111001110111000111101101111101110101100111111101110
00101010111000011100010111010110000100100110000110001100010110110010100011110101100000011111100000000010110111111010011011110111
01110111000000010000100100001001110001110010101011000101001000011001001100101001110000001011001110000000001100011010111010110110
10101100111110111100011011011000011000101111101111000001000011111101000111001111101011011100010100110000011101111011010110001100
11100110001010100111110101011101110001001110010000111011111011001101101111011000110010010100111011100001001001110001010110110000
00111001100000011010100111111011101111011001101010110100011100000000000101111011011010110011111111000101101001101000010011100110
00011101100011011011100011100101011010000011110100101110001011100000010101100000101010001010100101101011100001000001001110111010
01111110111011111110101101011101100001000000100100111011111000001101111100000000001111000010000011000111100001001100001110100000
00010010110010111000101100011001110110010010101101001011011011001111011010001111111010110011101111100111100100111110011100100011
10101011010110010010001101110111001001000101111000001001110100010001010101111010100111101001000000110101111010111100110000001111
00101101001000110000100111011110101111000100101111010000011111101101010110100000101010110111100001011001011111000110011100110100
00011011100110101101111001111110111110010001001001010010010101111010010010010111100101011110111101100001110111001001001010000110
11011011110010010111011000001110010011111000110010101101100001110010111111010011110100001011110000010111011110011110000110101100
11111100111101101101110001111100001001000010100011111000100001001000000010110110010001010000011010110001110110101010000100110001
10101100100000101000000111111101111001110001111100100100100110010000111010000111100110101010101000011011011000011111101101110100
01010110101111100111101010001000010101111110100111010111000001011110111010010010010000010011111000111000000110100001110001011110
10111101110010101011001000111100110111010110101010110111101101010001110010110000100110011011100010000111011111111100011001000010
01001110010110100000110111110110110000110111100011000010000101010000001001100001011001111010100100001110100010110101111001110000
01111011100100010010100011001110000110010111111101001011010011111011101111110001011010111010011001000000110100000001000111001010
00001111100010100000011000010111011110000000111001001111011011111111111011101100001010000110101011011001010101101100011001001110
11110000001000110101011010001000001000110010100000100110010111111101011010111010000010000111000001100101100000010111010100001001
01000000100001100001111010000001100010000000000111011010011000101011000100001101011111111111000000100010010000011010110011000111
01100011100100101000000001001010001001101100001010110100001000011011000001001111000100011011001111111001001110110000011010010100
11010101011110011111011000110001000110011001100101101001100101001101110001001111011101101101101100010111010101111110110100011011
00100011101010001110011110100111100011110010111100100100010100010110010110010111000101001110000111111100011110110001100001101111
00100010001000011100111110011111001001100100011011111110111100000011100000001010001100100101010011010101100011100010010000100001
01001001001111100011110011110100101011100111011101010001110100010011110000010001000000011010101000110011010011100111011111010100
11001110011001101110000100100010101110000000101001101100000001011011100100110111000100111011011011000001110010011010110001100111
10101111111000011011111011100011001011000111101100111011100000010110011001100111010101111011000011011101001100001100011000100011
00000100111100001010001100011101000110100110011010100001000111000110001101000010100000101011110110100001111110011011111011100110
11011101010101010110000100110011010111000010010010111101000010001000011000100010100011000111111010000100000000001100001101011100
00001110010111010111011010011111110001101110110011010111010001010101100010100111000111001101001111100111101100111101110010111001
11001011000100011111111010110000111011001101100001011000001111111100011111101110101100010010000100101010100001111010001111100010
00100011100100010001110000101110001100010100011010000101000001101100101010011011001010111010000111100100011001100111001011011111
11100010010000011011110000000100000011001100010100101011111001011011011100011000010011010001100001110101000110010101011100010001
11110001010010010010110001100100011000101101000011100011110000100001011100011111100001110011011000100001110000011010110000100011
11011111011100111001111100100010111000111001100101100011110000111000011111111101011011101110000011011111111010101010010110110100
01111111111000110001010001000001011101101111110110010001001110000011110010000010000101000110100100011001011001010001110011111001
01011000001111101100011001101011000011101001010001111011110001011110110100110001011001010010100010001101011000001111000110000011
01111110110001110010001101110101110111110110010000001111111100011101001011110111110010101100000110010101111101000111001111000101
11011011011100101111111011110010110110101111001010000010100010001100001100001110000011111111011111110110110111111011110001010000
11000011010000000000010111101111101011100011100001100101011011111110101000001010100000101111111101001000000011000101101010110111
00000110101110110000110000001111001111111110011011100010100001111000101000000100010010010001101101101111100001110011010011110100
00001100011111010010101010010000010100100101000000111010111110001010101010011110101001011011100111111111010111100001100101101001
00111100001010000000110000111100011100111010110110011111101010000100001000101011011000101000101100111101011101001110111110100011
01100111001011001101110101011011010111110010000110001000011100111110000011001000011001111101000101101011100000010000110110001001
10110010010100010101010010100000100101000011110101111001001010001000010100111111111111010111000010111010111101111010111110010011
01101010001101011100110100111000011101000101110001000001001101011011110111100111001001000110010010110010111110111001110001110100
00001111011000010010011001111010110100101111111110111100010010101110001010101000001011101111101111100100001001010000100001110111
01000111011001110101101000000101011000111011000101001010110010011011100011110110101100010111010000010100111101000110100001111110
01100111010010001101001010010111001010101100010110111000100010111011111001010000111010111011100000100111101011101000110001100010
00001110011001000111101001011100110001011100110001001110001100000010100101100100000101100100110011100000110010001010110000000100
00110011101101001010100111011111101010011000011011101100110001110000110110000011100100101000111001101101110100111101010110011101
01010111001010000010011011101111000001000000010101110011011110110000100011001000100011100101101100111111110001010000001001011101
10100111100111000110011001000000001101001110100001101101100111101000111100000111100001101011111101010111111101111101010110101011
01011001101100001011010100100001011010100000000111110001100011010111011110110010101100110101100110001011101111101011000100000010
00101110100001010010010101101101000101101000011111011110000011110111100000000101000000101111010100101101001101001000011101000001
11110001100101110101001011100011111010100100100001111111110110010100101010001010111010110001011111110110011001100110100001011001
01111110001111000100011111000001000001000100011111011011111101000001101010010110100111101000011000010011011001010100111100001101
01111001011111101111001111101101110100101100001110001010101111000111101001110001010010110001101111101100010010000010100010111111
01001001011110010101110000010110010101110000000111000000011101000101011001111110100001111011101010110011001000010110011111101111
10010000110110001101010111011101001001011100010110011111101111101111011001101011100000100011001000110101000100100011000000101100
10010100100011111110010110101100101100100010101100000000111111000101010001000111001111110000011010011111000111100001110110111000
01000001010000101110101011000001010010110011101101100100000111101011111000010011110010001001010000110000000010101010011011111100
01101110010110000110101000111010111110110111100000000100011101001101110001101010010111100110111010001001010101000101111001111010
00000100000010011100011010100111011010110111101101111110000100001111101001001000000100000101101110100001101010010000001101011010
01111000111110100110100011110010011001110001010111010001000111011010000101001101011001101111111101110000111000000011100010101011
10111001110101000110100111110110000110000111011000111010111010111000101110000001101010101110001001100011011100101010010011101111
01000110001010101100100100101111101100111101100000001111111111100111111010001110011110001001101101001111100010111001101001101110
10010111011110010001110110101001001010101110101001101101001001110001111100001100101001101010000000011100100111110000011110001101
10110011111011001011111000000110110000011000000001101100111011001110001100011111001111011011101011110000100000011101110011011111
11111101000101010001010010000100010011101111111000111100011011011010011001101000100101100000000110010101101000011100011100110000
01101000000110000110001010101001100001001000100010000000100010100101000111011101111111100111010011001110011000101100111000000010
10001011000000010011110001111110001011111010101111011000011000001110010010100010110101110010101010011001101110010111100110001111
11001111001101101010001000101011110101001001101111011101010011011110110001001110110000011011010011010111111001111100010101000000
01101111111111111010111100100000110111010001011001011110101000000000100010110011100001111001101011110110101110111111010010000010
00001000110011101010000111111110100011101001110000010100000011110111000100011110000000111001101001001011100101101000100011111100
01111111101010111111000011011101111000111000111000011101000011101100100011010001111001100100010011010110000111010001100110001111
10011101111111111001101100000111111010111001111111110000011001100001101100000010110100100011110111010001011011001001100001011000
11011101111010001110000000110111001010111011010011111110111000110001101010010011111100010001001100111000001000010011011100010111
00111111100001111000111011011010000010011000101010110110110000000001101111110101000011000001001000100100011001111110100110000011
00011011111010001111111111101000000000000001101110010001100101111101010001010110111101100011101110111011001100101101110000101100
00001010000111110101000011011100111111001111010010111110110101100001100100000101011000011001111000110011100001100001111110111110
01011100001100111001111011110110101011101011001100011010011000010100010000101110011111100111010001010001101110111001111011101110
01101110011000001111111000011100000001110001100000001010111110001110100010100111100010100101100100101100101110000100100011011011
01111100110000011001010100000110010010110011111011111100100110000100111011100001010111011010110001000000100010010000000100010011
01110010111011010011101000100110001001010010011010111111001100010011110101110101100010111101001101100111000010100010101000010100
01010001011000001010100001011011101110111110111001110001011101001110101111110111111000001001011101010010101010010111111100111010
00001111011101011011001110001000011000011100011101100111100100011101010001010111100000101000110000110011001001101000100111001110
10110010010111010010011100110100010111100101111110101111110100100001000101110000111000100010001000101100011111000100110101100010
10001101000001100000111000010010010000011011011100111011110100100100001101101110100001111110010011001101011110111110101101011111
10100101101110011100111111100010111001100110010100100110100011110101001110010000010000001100110100100100001010110001011101110101
10001101111100010100110110101001000101000100010010011001010011110100011110000010000000000000110111100000101000000001101100100100
10000110110000011101101101100000110010010001011100110000011011010100100000010000001111001111000010111111100100000000010000111011
11100010011010110010001000100111010010111010010010011100110010011101000101100011111100010100001000011010110100101011100011100101
01011001100111100101111000001101111010001011111000100010101001000111111011111001001110001011001101101001010011011100100010011111
00111000101101000110100100010001100000010000111100101000000001101011101001011101110111001011001110101011010000101110110101001111
00101101100101000000010000100100111100000001001000110000111100000101101000111011000100101010101100100001011010111001011110011000
11111000000111111010001100010011011011101010100111110000010011100100110101000011011101111100100010100000001111111111100010111011
01000011111001100111011101011110010110111111001111011000000001011011110111111110100101101011001110110011010001001010100101111011
11110110011111101001001010011111010001100101111010110111111010111101100110001100001110110000011111000010100100100001001110111100
00111100000001101111101011101001111111001000011110110011110001110010011111000101000110001000111100111100110101000001011101010110
01111110011001010101100111011100010010101111000101100101000100110101011110001111000110101110011110011010101101011100101110100111
00010011101000001111001001111101110100110000100100100110001100101100010000110110101100101110011000011110010110100110110110010010
10100110111100111110011100000001011011010101101001101100110101010100001100010101110100011000011010011001110110100111100011100100
00111100110101000001100000101001111110101010011110111001110111111001000110110010010101010000111000111100011111000000001001101011
00100010100001011101110010100100101011010100001101100000100011111101001111011101010001101010111000001000011101011010001000011010
11000011000111000110000101100101010101011111110101010101001001000010010111100110001101100101011011100000110110101001111100011000
00110101000111001111100000110010010111000110111111110111111011111011110011001111011001010100011001001111011000011101110010110101
01001110010111010001010000010010110000000110001111001111000011000110110100110010001001101011111011000000101100101010001110000101
10001000101010011110110111010111111110111111000001100001100111000001000010111100001001001101010101110011011000110110000111101000
01110111011101001010100000000010110001111011000101001110011010100010110011010001000101011000001101100000110101101110001000010010
01110100100100100100000111111110000100100111011110000111000110101100100000000010001100101111001000011110111011100000001111001001
10101110001010000011000111000111011000110001100010111100010001110111101010110000101010011011111101001100000010100101001000100001
01111101000000011010111100111000000010000011110101100111000101101010100000110101000000111010001110000101111111111100100001100011
00111100111100101011011110110000110001010011011000001111001101100111001101111011101011101000100101111000000101011001001100110001
11111110010100110101010000000110100010111011100001111001010111100000111100011100000001001101000010110111001100111100010000111101
01111111101101000110010010000111101101001110110111010111111000101101111010101000011001001110111111110000101000111111011010111100
11100010000011010101110011111000101100011111100000010101001011000100000010110101011000100100111111101011001100001000100011000001
00101011101110100110010000111100001100010101010001111100101101101100111010100010000001010011110101110010011010111110000101111010
10010000000110100010000110101100110001001001100101011100111001010100110111010011101101000100000001101110101111011100001011111011
00110011000001101000010001111001101011100001000000100100001001001010110010011010101110000110100110110010111011000100100110001101
11110111101111000010111100011101000011111101011111111010001110100001010010000010110001111101111100001100001110001010000100000001