000000000000000000000000000000
000000000000000000000000000000
000000000000000000000000000000
000000000000000000000000000000
000000000000000000000000000000
000000000000000000000000000000
000000000000000000000000000000
000000000000000000000000000000
000000000000000000000000000000
000000000000000000000000000000
011100000010000010000001110000
100100000111000111000001001000
000100001101000101100001000000
000100000000000000000001000000
000100100000000000001001000000
000100110000000000011001000000
001000110000000000011000100000
000000000000000000000000000000
000000000000000000000000000000
000000000000000000000000000000